Tarih,Hisse,open,high,low,close,volume,YuksekKapanis_Fark,AcilisKapanis_Fark,AcilisKapanisFark_Ort,AcilisKapanisFark_OrtalamayaGoreDegisim,AcilisKapanisFarkOrt_MaxSon10,HacimOrtalama,%Hacim_HacimOrtalama,Fark_Orani,Kosul,rsi,Tarih1,prev_close,%Deg,isPivot,pointpos,destek,direnc,Tsinyal_Banker_Dip,Tsinyal_Banker_DipKarar
19-06-2025 11:00,BAGFS,25.36,26.82,25.36,26.52,1032638.0,0.3,1.16,0.15,673.33,1.16,193968.9,432.37,0.26,True,66.46,2025-06-19,24.88,6.59,0,,24.5,30.12,False,False
19-06-2025 11:00,GARFA,24.3,25.52,24.24,25.52,4078567.0,0.0,1.22,0.18,585.39,1.22,921417.6,342.64,0.0,True,77.28,2025-06-19,23.2,10.0,0,,21.82,ATH,False,False
19-06-2025 11:00,CRDFA,11.02,11.33,11.01,11.26,420857.0,0.07,0.24,0.02,1163.16,0.24,212037.5,98.48,0.29,True,52.92,2025-06-19,10.99,2.46,0,,10.95,11.98,False,False
19-06-2025 11:00,KRDMD,21.88,22.26,21.84,22.16,14228224.0,0.1,0.28,0.02,1455.56,0.28,4641000.2,206.58,0.36,True,51.85,2025-06-19,21.76,1.84,0,,21.16,22.96,False,False
19-06-2025 11:00,BIENY,42.02,45.54,41.92,45.52,4397796.0,0.02,3.5,0.33,967.07,3.5,692932.2,534.66,0.01,True,75.08,2025-06-19,41.68,9.21,0,,41.7,ATH,False,False
19-06-2025 11:00,BALSU,20.14,20.76,20.1,20.7,1640360.0,0.06,0.56,0.03,1766.67,0.56,887428.1,84.84,0.11,True,61.14,2025-06-19,20.0,3.5,0,,19.2,21.18,False,False
19-06-2025 11:00,EUPWR,24.52,25.4,24.42,25.26,1309365.0,0.14,0.74,0.1,670.83,0.74,440480.3,197.26,0.19,True,62.54,2025-06-19,24.3,3.95,0,,24.72,25.32,False,False
19-06-2025 11:00,KRDMB,23.02,24.42,22.88,24.34,2496089.0,0.08,1.32,0.14,816.67,1.32,375212.6,565.25,0.06,True,76.42,2025-06-19,22.2,9.64,0,,21.0,ATH,False,False
19-06-2025 11:00,OYLUM,8.2,8.81,8.18,8.7,652905.0,0.11,0.5,0.11,362.96,0.5,266654.8,144.85,0.22,True,74.03,2025-06-19,8.19,6.23,0,,7.4,ATH,False,False
19-06-2025 11:00,ISDMR,34.98,35.4,34.8,35.3,593533.0,0.1,0.32,0.02,1500.0,0.32,225076.7,163.7,0.31,True,58.85,2025-06-19,34.68,1.79,0,,33.8,35.48,False,False
19-06-2025 10:00,ADGYO,31.0,31.76,30.6,31.68,375962.0,0.08,0.68,0.01,11233.33,0.68,75511.3,397.89,0.12,True,55.07,2025-06-19,30.94,2.39,0,,31.3,32.58,False,False
19-06-2025 10:00,EGEGY,21.32,21.68,21.2,21.58,383681.0,0.1,0.26,0.03,828.57,0.26,101877.3,276.61,0.38,True,57.89,2025-06-19,21.3,1.31,0,,21.2,21.86,False,False
19-06-2025 10:00,CANTE,1.48,1.5,1.47,1.5,21808682.0,0.0,0.02,0.0,900.0,0.02,11828470.3,84.37,0.0,True,56.07,2025-06-19,1.46,2.74,0,,1.44,1.52,False,False
19-06-2025 10:00,EMKEL,42.0,43.32,41.62,43.16,3814959.0,0.16,1.16,0.11,994.34,1.16,998467.7,282.08,0.14,True,73.5,2025-06-19,41.6,3.75,0,,35.08,ATH,False,False
19-06-2025 10:00,SISE,32.48,32.64,32.46,32.64,2769806.0,0.0,0.16,0.02,627.27,0.16,1677122.8,65.15,0.0,True,51.34,2025-06-19,32.48,0.49,0,,32.22,33.32,False,False
19-06-2025 10:00,AEFES,136.5,138.7,136.4,138.5,1364628.0,0.2,2.0,0.24,733.33,2.0,651782.1,109.37,0.1,True,57.58,2025-06-19,135.9,1.91,0,,135.0,141.5,True,True
19-06-2025 10:00,TEZOL,20.62,21.2,20.6,21.16,7919837.0,0.04,0.54,0.08,558.54,0.54,5084118.4,55.78,0.07,True,83.34,2025-06-19,20.48,3.32,0,,16.12,ATH,False,False
19-06-2025 10:00,TUPRS,137.7,143.4,137.6,142.4,12873325.0,1.0,4.7,0.48,879.17,4.7,3269314.3,293.76,0.21,True,77.8,2025-06-19,137.0,3.94,0,,129.8,ATH,False,False
19-06-2025 10:00,AVPGY,58.45,59.05,58.2,58.95,233475.0,0.1,0.5,0.04,1328.57,0.5,134873.5,73.11,0.2,True,61.2,2025-06-19,58.35,1.03,0,,53.05,59.6,False,False
19-06-2025 10:00,PNLSN,34.88,36.36,34.86,36.3,429945.0,0.06,1.42,0.18,671.74,1.42,122900.5,249.83,0.04,True,61.97,2025-06-19,34.72,4.55,0,,33.66,38.0,False,False
19-06-2025 10:00,CEMTS,10.3,10.74,10.25,10.65,3126433.0,0.09,0.35,0.02,1300.0,0.35,694162.5,350.39,0.26,True,57.41,2025-06-19,10.27,3.7,0,,10.25,10.86,False,False
19-06-2025 10:00,GSDHO,3.51,3.55,3.5,3.55,2079457.0,0.0,0.04,0.0,1900.0,0.04,812825.1,155.83,0.0,True,46.53,2025-06-19,3.52,0.85,0,,3.51,3.66,True,True
19-06-2025 10:00,KAYSE,17.58,17.8,17.57,17.8,418159.0,0.0,0.22,0.01,2650.0,0.22,232484.9,79.87,0.0,True,42.35,2025-06-19,17.57,1.31,0,,17.36,18.64,True,True
19-06-2025 10:00,EDATA,4.06,4.14,4.06,4.12,1270431.0,0.02,0.06,0.0,2900.0,0.06,502191.7,152.98,0.33,True,51.6,2025-06-19,4.07,1.23,0,,4.11,4.24,False,False
19-06-2025 10:00,YYAPI,1.45,1.47,1.44,1.47,7945628.0,0.0,0.02,0.0,1900.0,0.02,4532243.4,75.31,0.0,True,46.64,2025-06-19,1.44,2.08,0,,1.43,1.54,False,False
19-06-2025 10:00,BINHO,181.1,193.7,181.1,190.5,2212902.0,3.2,9.4,0.62,1416.13,9.4,349281.5,533.56,0.34,True,62.69,2025-06-19,179.4,6.19,0,,182.8,195.5,True,True
19-06-2025 10:00,ICBCT,14.61,15.19,14.61,15.16,1084670.0,0.03,0.55,0.06,773.02,0.55,606697.3,78.78,0.05,True,61.22,2025-06-19,14.55,4.19,0,,13.97,15.2,False,False
19-06-2025 10:00,KCHOL,144.1,146.5,143.8,146.2,6059107.0,0.3,2.1,0.01,20900.0,2.1,2588413.1,134.09,0.14,True,57.34,2025-06-19,143.1,2.17,0,,139.4,148.3,False,False
19-06-2025 10:00,MNDRS,10.08,10.2,10.06,10.18,492617.0,0.02,0.1,0.01,669.23,0.1,172078.9,186.27,0.2,True,50.74,2025-06-19,10.01,1.7,0,,9.89,10.52,False,False
19-06-2025 10:00,SELEC,83.7,85.35,83.5,85.25,442714.0,0.1,1.55,0.22,588.89,1.55,114512.9,286.61,0.06,True,78.73,2025-06-19,83.3,2.34,0,,77.65,ATH,False,False
19-06-2025 10:00,KOZAA,84.6,85.5,84.15,85.3,509827.0,0.2,0.7,0.0,4.92581209243649e+16,0.7,238548.5,113.72,0.29,True,39.39,2025-06-19,84.6,0.83,0,,ATL,89.2,False,False
19-06-2025 10:00,DITAS,21.9,23.66,21.8,23.52,1212107.0,0.14,1.62,0.1,1457.69,1.62,430948.0,181.27,0.09,True,72.6,2025-06-19,22.04,6.72,0,,16.99,ATH,False,False
19-06-2025 10:00,POLHO,18.2,19.0,18.2,18.91,2485821.0,0.09,0.71,0.06,1145.61,0.71,529113.8,369.81,0.13,True,57.9,2025-06-19,18.07,4.65,0,,18.66,19.35,False,False
19-06-2025 10:00,GEDIK,12.93,13.56,12.93,13.56,5275372.0,0.0,0.63,0.06,900.0,0.63,737673.5,615.14,0.0,True,74.38,2025-06-19,12.83,5.69,0,,11.25,ATH,False,False
19-06-2025 10:00,CWENE,13.9,14.56,13.9,14.49,2835440.0,0.07,0.59,0.06,851.61,0.59,700537.5,304.75,0.12,True,70.15,2025-06-19,13.84,4.7,0,,13.31,15.96,False,False
19-06-2025 10:00,PASEU,82.0,85.4,80.9,85.2,2186310.0,0.2,3.2,0.35,814.29,3.2,609402.6,258.76,0.06,True,75.75,2025-06-19,82.3,3.52,0,,72.75,ATH,False,False
19-06-2025 10:00,SNICA,3.97,4.09,3.94,4.08,3786046.0,0.01,0.11,0.0,2100.0,0.11,1334378.5,183.73,0.09,True,48.68,2025-06-19,3.95,3.29,0,,4.07,4.5,True,True
19-06-2025 10:00,YESIL,1.39,1.41,1.38,1.41,6205836.0,0.0,0.02,0.0,566.67,0.02,1828208.2,239.45,0.0,True,53.05,2025-06-19,1.39,1.44,0,,1.38,1.44,False,False
18-06-2025 17:00,ULKER,106.8,108.5,106.7,108.5,1540449.0,0.0,1.7,0.12,1316.67,1.7,502564.9,206.52,0.0,True,52.98,2025-06-18,108.1,0.37,0,,104.6,110.9,False,False
18-06-2025 17:00,MOBTL,6.47,6.89,6.43,6.84,9624891.0,0.05,0.37,0.02,1750.0,0.37,1819142.8,429.09,0.14,True,60.95,2025-06-18,6.6,3.64,0,,6.35,7.05,False,False
18-06-2025 17:00,SEGMN,22.96,23.4,22.9,23.32,854735.0,0.08,0.36,0.03,1025.0,0.36,308217.1,177.32,0.22,True,62.59,2025-06-18,23.08,1.04,0,,21.6,23.66,False,False
18-06-2025 17:00,BSOKE,15.87,16.15,15.83,16.1,2503989.0,0.05,0.23,0.01,1816.67,0.23,909501.9,175.31,0.22,True,56.45,2025-06-18,15.84,1.64,0,,15.56,16.23,False,False
18-06-2025 17:00,IHYAY,1.97,2.05,1.96,2.04,8602501.0,0.01,0.07,0.0,3400.0,0.07,2132773.9,303.35,0.14,True,55.8,2025-06-18,2.02,0.99,0,,1.92,2.06,False,False
18-06-2025 17:00,ESEN,71.35,72.7,71.3,72.35,233365.0,0.35,1.0,0.17,506.06,1.0,82685.8,182.23,0.35,True,62.11,2025-06-18,71.5,1.19,0,,70.1,73.3,False,False
18-06-2025 16:00,BTCIM,5.17,5.27,5.15,5.25,14903680.0,0.02,0.08,0.01,471.43,0.08,8267149.0,80.28,0.25,True,71.42,2025-06-18,5.1,2.94,0,,5.02,5.54,False,False
18-06-2025 16:00,OZYSR,24.88,25.5,24.86,25.42,306368.0,0.08,0.54,0.07,694.12,0.54,190147.2,61.12,0.15,True,52.11,2025-06-18,24.64,3.17,0,,24.02,26.92,True,False
18-06-2025 15:00,KTLEV,6.75,7.27,6.73,7.21,231656316.0,0.06,0.46,0.01,2966.67,0.46,29532128.8,684.42,0.13,True,55.93,2025-06-18,6.97,3.44,0,,6.7,7.62,True,True
18-06-2025 14:00,TURSG,8.06,8.23,8.02,8.21,4561144.0,0.02,0.15,0.03,417.24,0.15,1951214.7,133.76,0.13,True,73.3,2025-06-18,7.94,3.4,0,,7.86,8.51,False,False
18-06-2025 14:00,NIBAS,17.88,18.77,17.86,18.7,663121.0,0.07,0.82,0.05,1682.61,0.82,353166.5,87.76,0.09,True,59.9,2025-06-18,18.43,1.47,1,18.77,17.63,18.77,False,False
18-06-2025 14:00,BERA,13.55,14.36,13.51,14.31,5163039.0,0.05,0.76,0.06,1210.34,0.76,838747.6,515.57,0.07,True,63.97,2025-06-18,13.88,3.1,2,13.51,13.51,15.03,False,False
18-06-2025 14:00,VESTL,32.56,33.18,32.5,33.04,768787.0,0.14,0.48,0.02,1900.0,0.48,463692.5,65.8,0.29,True,53.52,2025-06-18,32.9,0.43,0,,32.08,33.48,False,False
18-06-2025 13:00,KATMR,1.86,1.94,1.86,1.94,139743592.0,0.0,0.08,0.02,433.33,0.08,64472810.1,116.75,0.0,True,82.63,2025-06-18,1.77,9.6,0,,1.71,ATH,False,False
18-06-2025 12:00,TDGYO,14.75,14.9,14.71,14.89,235557.0,0.01,0.14,0.01,1066.67,0.14,140663.1,67.46,0.07,True,67.21,2025-06-18,14.67,1.5,0,,13.6,15.0,False,False
18-06-2025 12:00,METRO,2.93,3.06,2.93,3.04,5689488.0,0.02,0.11,0.0,5400.0,0.11,2980226.5,90.91,0.18,True,54.87,2025-06-18,3.05,-0.33,2,2.93,2.93,3.13,False,False
18-06-2025 12:00,DOFER,31.06,32.78,30.9,32.56,438416.0,0.22,1.5,0.13,1090.48,1.5,233400.7,87.84,0.15,True,66.73,2025-06-18,31.22,4.29,0,,30.18,35.46,False,False
18-06-2025 11:00,ZEDUR,7.18,7.49,7.13,7.47,2003691.0,0.02,0.29,0.02,1108.33,0.29,588331.1,240.57,0.07,True,61.47,2025-06-18,7.28,2.61,2,7.13,7.13,7.75,False,False
18-06-2025 11:00,BMSTL,42.68,45.7,42.16,45.32,2072450.0,0.38,2.64,0.21,1181.55,2.64,536719.9,286.13,0.14,True,65.19,2025-06-18,43.26,4.76,2,42.16,42.16,58.5,False,False
18-06-2025 11:00,SKYMD,12.52,12.8,12.25,12.76,6148429.0,0.04,0.24,0.04,531.58,0.24,2846559.3,116.0,0.17,True,81.59,2025-06-18,12.13,5.19,0,,11.71,ATH,False,False
18-06-2025 10:00,DOHOL,14.47,14.65,14.47,14.6,2490562.0,0.05,0.13,0.02,664.71,0.13,972912.1,155.99,0.38,True,51.94,2025-06-18,14.6,0.0,0,,13.82,14.75,False,False
18-06-2025 10:00,TMSN,97.95,103.7,97.15,102.8,1668550.0,0.9,4.85,0.44,989.89,4.85,258311.4,545.95,0.19,True,63.97,2025-06-18,98.0,4.9,3,,97.55,103.3,True,True
18-06-2025 10:00,INVEO,7.82,8.38,7.72,8.28,11156699.0,0.1,0.46,0.02,2775.0,0.46,3848249.3,189.92,0.22,True,68.75,2025-06-18,7.82,5.88,0,,7.61,8.34,False,False
18-06-2025 10:00,ISCTR,11.37,11.52,11.33,11.48,78243134.0,0.04,0.11,0.01,1471.43,0.11,28423898.9,175.27,0.36,True,53.72,2025-06-18,11.39,0.79,2,11.33,11.33,11.66,False,False
18-06-2025 10:00,BEGYO,9.15,9.89,9.01,9.89,4820200.0,0.0,0.74,0.14,424.82,0.74,1701885.0,183.23,0.0,True,75.88,2025-06-18,9.4,5.21,2,9.01,9.01,ATH,False,False
18-06-2025 10:00,BAYRK,21.94,23.04,21.92,22.74,3297437.0,0.3,0.8,0.0,19900.0,0.8,1472443.4,123.94,0.38,True,54.29,2025-06-18,21.92,3.74,1,23.04,21.62,23.04,False,False
18-06-2025 10:00,ONRYT,74.05,77.15,74.0,76.4,2791288.0,0.75,2.35,0.56,323.42,2.35,989170.0,182.18,0.32,True,84.15,2025-06-18,72.35,5.6,0,,66.7,ATH,False,False
18-06-2025 10:00,EUREN,5.81,5.88,5.79,5.87,21891479.0,0.01,0.06,0.0,1900.0,0.06,8519424.3,156.96,0.17,True,53.59,2025-06-18,5.8,1.21,0,,5.8,5.91,True,True
18-06-2025 10:00,GIPTA,101.4,104.5,100.7,104.2,617786.0,0.3,2.8,0.33,748.48,2.8,236445.8,161.28,0.11,True,66.91,2025-06-18,101.2,2.96,0,,99.75,ATH,False,False
18-06-2025 10:00,PEKGY,2.45,2.59,2.44,2.59,428935978.0,0.0,0.14,0.02,775.0,0.14,110142466.2,289.44,0.0,True,80.25,2025-06-18,2.36,9.75,1,2.59,1.69,ATH,False,False
18-06-2025 10:00,KLRHO,65.15,70.2,65.15,69.95,860635.0,0.25,4.8,0.55,764.86,4.8,246040.9,249.79,0.05,True,62.05,2025-06-18,66.15,5.74,2,65.15,65.15,70.5,False,False
18-06-2025 10:00,ALTNY,88.85,95.6,88.85,94.65,10052619.0,0.95,5.8,0.57,917.54,5.8,3413315.0,194.51,0.16,True,66.75,2025-06-18,88.25,7.25,0,,84.4,ATH,False,False
17-06-2025 17:00,SUWEN,14.02,15.12,13.97,14.9,1200270.0,0.22,0.88,0.07,1233.33,0.88,571550.1,110.0,0.25,True,66.92,2025-06-17,14.4,3.47,1,15.12,13.17,15.12,False,False
17-06-2025 17:00,KMPUR,13.88,14.05,13.88,14.01,303167.0,0.04,0.13,0.0,6400.0,0.13,118738.2,155.32,0.31,True,52.55,2025-06-17,14.0,0.07,0,,13.32,14.14,False,False
17-06-2025 17:00,MAGEN,33.58,34.9,33.46,34.84,1382093.0,0.06,1.26,0.17,641.18,1.26,377203.3,266.41,0.05,True,64.58,2025-06-17,32.9,5.9,1,34.9,32.12,34.9,False,False
17-06-2025 17:00,TCKRC,36.88,38.1,36.82,37.88,980011.0,0.22,1.0,0.16,525.0,1.0,208200.9,370.7,0.22,True,67.66,2025-06-17,36.26,4.47,1,38.1,35.8,38.1,False,False
17-06-2025 17:00,KLMSN,24.26,25.3,24.18,25.3,1574637.0,0.0,1.04,0.26,300.0,1.04,331912.8,374.41,0.0,True,81.43,2025-06-17,23.0,10.0,0,,21.54,ATH,False,False
17-06-2025 17:00,ENERY,6.17,6.33,6.16,6.31,16613200.0,0.02,0.14,0.02,636.84,0.14,6093090.3,172.66,0.14,True,67.18,2025-06-17,6.1,3.44,0,,6.07,ATH,False,False
17-06-2025 17:00,HDFGS,1.29,1.3,1.28,1.3,11370138.0,0.0,0.01,0.0,400.0,0.01,5708532.2,99.18,0.0,True,50.63,2025-06-17,1.3,0.0,0,,1.22,1.33,False,False
17-06-2025 16:00,BNTAS,6.5,6.88,6.5,6.84,3854574.0,0.04,0.34,0.06,476.27,0.34,870895.7,342.6,0.12,True,71.38,2025-06-17,6.26,9.27,1,6.88,6.05,6.88,False,False
17-06-2025 16:00,TUCLK,8.79,9.05,8.76,9.01,2166446.0,0.04,0.22,0.03,566.67,0.22,535033.5,304.92,0.18,True,68.47,2025-06-17,8.64,4.28,0,,8.29,9.32,False,False
17-06-2025 16:00,PETKM,16.21,16.45,16.2,16.45,4403618.0,0.0,0.24,0.02,1163.16,0.24,2546767.6,72.91,0.0,True,61.19,2025-06-17,16.18,1.67,0,,15.67,17.06,False,False
17-06-2025 15:00,GMTAS,16.69,17.07,16.64,17.06,354229.0,0.01,0.37,0.09,302.17,0.37,203250.3,74.28,0.03,True,70.13,2025-06-17,16.15,5.63,0,,15.56,18.23,False,False
17-06-2025 15:00,METUR,29.18,29.88,29.14,29.86,3066479.0,0.02,0.68,0.1,553.85,0.68,1665110.3,84.16,0.03,True,76.14,2025-06-17,28.5,4.77,1,29.88,24.0,29.88,False,False
17-06-2025 15:00,RALYH,97.75,105.4,97.1,104.7,1123928.0,0.7,6.95,0.41,1616.05,6.95,329906.9,240.68,0.1,True,66.46,2025-06-17,100.6,4.08,0,,96.7,108.3,False,False
17-06-2025 15:00,CEMAS,8.87,9.54,8.87,9.36,14338698.0,0.18,0.49,0.01,5344.44,0.49,4325296.5,231.51,0.37,True,54.8,2025-06-17,9.13,2.52,1,9.54,8.79,9.54,True,True
17-06-2025 15:00,CATES,28.68,29.8,28.68,29.56,347502.0,0.24,0.88,0.19,368.09,0.88,140905.6,146.62,0.27,True,74.29,2025-06-17,28.4,4.08,0,,27.2,ATH,False,False
17-06-2025 14:00,NATEN,48.08,50.8,48.06,50.7,2534062.0,0.1,2.62,0.25,948.0,2.62,419306.1,504.35,0.04,True,66.85,2025-06-17,48.22,5.14,0,,47.8,52.25,False,False
17-06-2025 14:00,VRGYO,2.49,2.54,2.49,2.53,5586311.0,0.01,0.04,0.0,700.0,0.04,2438016.7,129.13,0.25,True,57.47,2025-06-17,2.46,2.85,0,,2.36,2.54,False,False
17-06-2025 14:00,LIDFA,3.57,3.68,3.56,3.67,5474700.0,0.01,0.1,0.01,733.33,0.1,1804789.3,203.34,0.1,True,65.95,2025-06-17,3.57,2.8,0,,3.43,3.78,False,False
17-06-2025 14:00,SUNTK,34.14,35.02,33.96,34.84,260372.0,0.18,0.7,0.06,1066.67,0.7,160547.4,62.18,0.26,True,60.59,2025-06-17,34.26,1.69,0,,31.32,35.32,False,False
17-06-2025 13:00,AVHOL,39.52,41.36,39.46,41.3,1100111.0,0.06,1.78,0.17,972.29,1.78,400875.8,174.43,0.03,True,63.51,2025-06-17,39.8,3.77,0,,39.2,45.5,False,False
17-06-2025 13:00,AHGAZ,27.66,28.38,27.54,28.28,763638.0,0.1,0.62,0.05,1092.31,0.62,461333.1,65.53,0.16,True,62.57,2025-06-17,27.52,2.76,0,,27.38,28.5,False,False
17-06-2025 13:00,TATEN,46.2,47.84,46.14,47.8,1288937.0,0.04,1.6,0.4,302.01,1.6,793172.3,62.5,0.03,True,76.09,2025-06-17,45.12,5.94,0,,39.74,ATH,False,False
17-06-2025 13:00,PINSU,5.8,5.88,5.7,5.88,274613.0,0.0,0.08,0.01,515.38,0.08,165800.6,65.63,0.0,True,59.71,2025-06-17,5.72,2.8,0,,5.68,6.15,False,False
17-06-2025 13:00,PETUN,8.93,9.01,8.92,9.01,304683.0,0.0,0.08,0.01,1042.86,0.08,165409.3,84.2,0.0,True,60.78,2025-06-17,8.95,0.67,0,,8.48,9.05,False,False
17-06-2025 13:00,DYOBY,12.64,13.16,12.63,13.03,1326786.0,0.13,0.39,0.04,851.22,0.39,414548.4,220.06,0.33,True,65.15,2025-06-17,12.51,4.16,1,13.16,12.1,13.16,False,False
17-06-2025 12:00,A1YEN,26.1,27.56,26.04,27.34,1298532.0,0.22,1.24,0.09,1277.78,1.24,277386.3,368.13,0.18,True,63.43,2025-06-17,26.32,3.88,0,,26.02,28.52,False,False
17-06-2025 12:00,GSDDE,8.1,8.19,8.09,8.18,624360.0,0.01,0.08,0.01,627.27,0.08,379116.4,64.69,0.12,True,49.76,2025-06-17,8.09,1.11,0,,7.61,8.19,False,False
17-06-2025 12:00,RYSAS,13.71,13.89,13.65,13.88,4678143.0,0.01,0.17,0.03,466.67,0.17,1542018.3,203.38,0.06,True,68.22,2025-06-17,13.59,2.13,0,,12.74,14.63,False,False
17-06-2025 12:00,PENTA,12.41,12.88,12.4,12.88,1292726.0,0.0,0.47,0.05,840.0,0.47,320648.2,303.16,0.0,True,67.18,2025-06-17,12.41,3.79,0,,12.37,13.47,True,False
17-06-2025 11:00,PAPIL,35.26,37.3,35.26,37.2,10844955.0,0.1,1.94,0.12,1516.67,1.94,2551567.8,325.03,0.05,True,60.15,2025-06-17,35.04,6.16,0,,34.46,42.0,True,False
17-06-2025 11:00,ESCOM,2.87,3.03,2.82,3.02,17429862.0,0.01,0.15,0.0,7400.0,0.15,8649367.2,101.52,0.07,True,65.23,2025-06-17,2.85,5.96,2,2.82,2.82,ATH,False,False
17-06-2025 11:00,EKSUN,5.31,5.38,5.29,5.37,700558.0,0.01,0.06,0.01,650.0,0.06,302263.0,131.77,0.17,True,53.66,2025-06-17,5.32,0.94,0,,5.13,5.62,False,False
17-06-2025 11:00,TEKTU,6.47,6.98,6.46,6.93,11136541.0,0.05,0.46,0.03,1337.5,0.46,5575127.8,99.75,0.11,True,68.12,2025-06-17,6.47,7.11,0,,6.31,7.22,False,False
17-06-2025 10:00,IHLGM,1.9,2.03,1.89,2.03,25617644.0,0.0,0.13,0.01,900.0,0.13,5784318.3,342.88,0.0,True,70.66,2025-06-17,1.89,7.41,0,,1.73,2.09,False,False
17-06-2025 10:00,GOKNR,22.16,22.6,22.16,22.5,492747.0,0.1,0.34,0.09,269.57,0.34,276639.3,78.12,0.29,True,56.5,2025-06-17,22.16,1.53,0,,20.74,24.26,False,False
17-06-2025 10:00,OSMEN,7.58,8.08,7.58,8.08,3499065.0,0.0,0.5,0.06,681.25,0.5,913354.8,283.1,0.0,True,66.48,2025-06-17,7.59,6.46,0,,7.09,8.51,False,False
17-06-2025 10:00,ARDYZ,26.06,26.58,26.06,26.48,549815.0,0.1,0.42,0.05,677.78,0.42,203640.5,169.99,0.24,True,52.63,2025-06-17,25.9,2.24,1,26.58,25.2,26.58,False,False
17-06-2025 10:00,KBORU,12.2,13.2,12.13,12.92,10282255.0,0.28,0.72,0.1,634.69,0.72,2226583.7,361.8,0.39,True,70.05,2025-06-17,12.12,6.6,0,,11.25,14.1,False,False
17-06-2025 10:00,ASELS,139.5,144.3,138.6,143.9,15640543.0,0.4,4.4,0.14,3042.86,4.4,4105103.5,281.0,0.09,True,55.87,2025-06-17,138.9,3.6,0,,138.5,150.7,False,False
17-06-2025 10:00,AKSA,9.17,9.32,9.17,9.29,2045996.0,0.03,0.12,0.03,313.79,0.12,849526.6,140.84,0.25,True,57.36,2025-06-17,9.2,0.98,1,9.32,8.83,9.32,False,False
17-06-2025 10:00,SDTTR,221.2,234.7,220.0,234.7,1422019.0,0.0,13.5,1.85,629.73,13.5,277966.6,411.58,0.0,True,86.79,2025-06-17,213.4,9.98,1,234.7,182.3,ATH,False,False
17-06-2025 10:00,INFO,2.84,3.02,2.83,3.02,23678025.0,0.0,0.18,0.03,520.69,0.18,4793477.3,393.96,0.0,True,78.04,2025-06-17,2.75,9.82,1,3.02,2.46,ATH,False,False
17-06-2025 10:00,VSNMD,400.75,433.0,399.75,429.25,2503341.0,3.75,28.5,2.58,1006.8,28.5,287868.8,769.61,0.13,True,67.48,2025-06-17,401.75,6.85,2,399.75,399.75,485.0,False,False
17-06-2025 10:00,KLSYN,5.34,5.51,5.31,5.49,931526.0,0.02,0.15,0.01,1400.0,0.15,171060.1,444.56,0.13,True,61.6,2025-06-17,5.33,3.0,0,,5.14,5.73,False,False
17-06-2025 10:00,ICUGS,2.79,2.92,2.76,2.92,22765029.0,0.0,0.13,0.01,900.0,0.13,2650114.1,759.02,0.0,True,72.91,2025-06-17,2.66,9.77,1,2.92,0.46,ATH,False,False
17-06-2025 10:00,KZBGY,10.63,11.09,10.61,10.96,6229864.0,0.13,0.33,0.04,791.89,0.33,2000110.6,211.48,0.39,True,59.32,2025-06-17,10.65,2.91,0,,10.1,11.19,False,False
17-06-2025 10:00,IHGZT,1.34,1.38,1.34,1.37,7609516.0,0.01,0.03,0.0,650.0,0.03,2958305.3,157.23,0.33,True,64.27,2025-06-17,1.34,2.24,1,1.38,1.23,1.38,False,False
17-06-2025 10:00,DARDL,1.66,1.69,1.66,1.69,9558199.0,0.0,0.03,0.0,900.0,0.03,2909363.5,228.53,0.0,True,60.42,2025-06-17,1.65,2.42,0,,1.58,1.72,False,False
17-06-2025 10:00,IHLAS,2.09,2.14,2.06,2.14,35162222.0,0.0,0.05,0.0,1566.67,0.05,10003907.7,251.48,0.0,True,57.71,2025-06-17,2.08,2.88,3,,1.98,2.38,False,False
17-06-2025 10:00,ENKAI,62.45,63.55,62.4,63.5,2726709.0,0.05,1.05,0.12,775.0,1.05,992071.3,174.85,0.05,True,60.26,2025-06-17,62.3,1.93,0,,59.15,64.75,False,False
17-06-2025 10:00,BIMAS,496.5,507.5,496.0,506.0,1513282.0,1.5,9.5,0.82,1051.52,9.5,527158.9,187.06,0.16,True,59.09,2025-06-17,496.5,1.91,0,,475.5,523.5,False,False
17-06-2025 10:00,KRONT,7.77,8.29,7.74,8.17,2483044.0,0.12,0.4,0.06,589.66,0.4,638199.4,289.07,0.3,True,67.87,2025-06-17,7.74,5.56,0,,7.47,9.57,True,False
17-06-2025 10:00,EKOS,22.64,23.28,22.62,23.14,591961.0,0.14,0.5,0.05,900.0,0.5,180759.7,227.49,0.28,True,65.54,2025-06-17,22.62,2.3,1,23.28,21.98,23.28,False,False
17-06-2025 10:00,SKTAS,4.97,5.18,4.97,5.14,1120663.0,0.04,0.17,0.02,709.52,0.17,370912.0,202.14,0.24,True,57.35,2025-06-17,4.95,3.84,0,,4.75,5.56,False,False
17-06-2025 10:00,MOPAS,28.7,30.8,28.44,30.56,2540231.0,0.24,1.86,0.18,956.82,1.86,396199.3,541.15,0.13,True,66.03,2025-06-17,28.5,7.23,0,,27.18,33.12,False,False
17-06-2025 10:00,MERCN,16.45,17.42,16.4,17.15,2090430.0,0.27,0.7,0.17,306.98,0.7,612857.8,241.1,0.39,True,73.02,2025-06-17,16.37,4.76,0,,14.36,17.19,False,False
17-06-2025 10:00,MERKO,13.5,13.8,13.44,13.78,1142719.0,0.02,0.28,0.03,803.23,0.28,345776.3,230.48,0.07,True,59.34,2025-06-17,13.45,2.45,0,,12.38,13.95,False,False
16-06-2025 17:00,ISFIN,12.06,12.23,12.04,12.2,2361767.0,0.03,0.14,0.02,723.53,0.14,507922.0,364.99,0.21,True,62.1,2025-06-16,12.1,0.83,0,,11.3,12.24,False,False
16-06-2025 17:00,IHEVA,1.95,1.99,1.95,1.98,354279.0,0.01,0.03,0.0,2900.0,0.03,195850.9,80.89,0.33,True,47.06,2025-06-16,1.96,1.02,0,,1.9,2.01,False,False
16-06-2025 17:00,DSTKF,296.0,307.0,293.5,307.0,255858.0,0.0,11.0,2.1,423.81,11.0,139985.2,82.78,0.0,True,72.54,2025-06-16,288.75,6.32,0,,268.25,ATH,False,False
16-06-2025 17:00,ODINE,76.85,80.65,76.75,80.05,701762.0,0.6,3.2,0.46,603.3,3.2,154000.9,355.69,0.19,True,73.1,2025-06-16,75.25,6.38,0,,72.0,ATH,False,False
16-06-2025 17:00,BRKVY,62.8,68.6,62.6,68.6,278433.0,0.0,5.8,0.71,711.19,5.8,89671.2,210.5,0.0,True,71.62,2025-06-16,62.4,9.94,0,,60.3,ATH,False,False
16-06-2025 17:00,KOCMT,12.25,12.45,12.22,12.42,665381.0,0.03,0.17,0.04,325.0,0.17,293658.9,126.58,0.18,True,58.82,2025-06-16,12.09,2.73,1,12.45,11.58,12.45,False,False
16-06-2025 17:00,GENIL,146.6,150.5,145.9,150.0,635710.0,0.5,3.4,1.15,195.65,3.4,289395.0,119.67,0.15,True,65.15,2025-06-16,137.8,8.85,0,,133.6,150.9,False,False
16-06-2025 17:00,BIOEN,21.18,21.44,21.14,21.44,750228.0,0.0,0.26,0.01,3150.0,0.26,358125.7,109.49,0.0,True,61.74,2025-06-16,21.06,1.8,0,,20.34,21.6,False,False
16-06-2025 17:00,ULUFA,3.64,3.75,3.61,3.72,5642299.0,0.03,0.08,0.02,370.59,0.08,1718727.8,228.28,0.37,True,64.89,2025-06-16,3.58,3.91,0,,3.4,3.77,False,False
16-06-2025 17:00,EREGL,25.56,26.12,25.5,25.98,93892793.0,0.14,0.42,0.1,328.57,0.42,34071755.3,175.57,0.33,True,77.05,2025-06-16,24.8,4.76,0,,23.88,ATH,False,False
16-06-2025 16:00,SAHOL,81.15,82.95,81.05,82.95,3849443.0,0.0,1.8,0.32,471.43,1.8,2285180.2,68.45,0.0,True,63.42,2025-06-16,80.9,2.53,0,,76.05,84.6,False,False
16-06-2025 16:00,GUBRF,223.0,233.3,222.5,233.3,1544372.0,0.0,10.3,0.6,1616.67,10.3,620024.8,149.08,0.0,True,49.74,2025-06-16,228.9,1.92,0,,217.0,255.0,True,True
16-06-2025 16:00,SAMAT,18.1,18.9,18.09,18.88,1167249.0,0.02,0.78,0.19,317.11,0.78,421099.9,177.19,0.03,True,70.3,2025-06-16,17.3,9.13,0,,15.79,ATH,False,False
16-06-2025 14:00,MAKIM,18.86,19.5,18.7,19.41,399645.0,0.09,0.55,0.09,525.0,0.55,171844.3,132.56,0.16,True,58.96,2025-06-16,18.97,2.32,0,,18.4,20.2,False,False
16-06-2025 14:00,MHRGY,5.27,5.62,5.25,5.55,3770880.0,0.07,0.28,0.04,522.22,0.28,869692.9,333.59,0.25,True,63.09,2025-06-16,5.21,6.53,1,5.62,5.1,5.62,False,False
16-06-2025 14:00,PLTUR,23.82,24.72,23.78,24.62,704372.0,0.1,0.8,0.14,455.56,0.8,263781.4,167.03,0.12,True,55.36,2025-06-16,23.7,3.88,1,24.72,22.44,24.72,False,False
16-06-2025 14:00,ULUUN,6.3,6.6,6.27,6.55,3358267.0,0.05,0.25,0.05,400.0,0.25,652390.5,414.76,0.2,True,69.23,2025-06-16,6.25,4.8,0,,6.0,6.59,False,False
16-06-2025 13:00,MARBL,13.51,14.16,13.5,13.98,1705565.0,0.18,0.47,0.03,1282.35,0.47,483082.9,253.06,0.38,True,55.72,2025-06-16,13.48,3.71,0,,13.27,14.54,True,True
16-06-2025 12:00,SANFM,15.77,16.5,15.62,16.31,2144572.0,0.19,0.54,0.15,272.41,0.54,1110520.6,93.11,0.35,True,58.75,2025-06-16,15.1,8.01,0,,14.51,16.56,True,False
16-06-2025 12:00,DAGI,4.76,4.93,4.76,4.89,1614505.0,0.04,0.13,0.03,306.25,0.13,602426.4,168.0,0.31,True,69.11,2025-06-16,4.62,5.84,0,,4.49,4.9,False,False
16-06-2025 12:00,ARTMS,27.22,28.18,27.2,28.08,363688.0,0.1,0.86,0.18,388.64,0.86,177733.9,104.63,0.12,True,52.88,2025-06-16,27.4,2.48,0,,26.08,30.38,True,False
16-06-2025 12:00,ALKIM,13.83,14.44,13.81,14.37,376432.0,0.07,0.54,0.07,694.12,0.54,130224.8,189.06,0.13,True,62.33,2025-06-16,13.84,3.83,0,,13.15,14.92,False,False
16-06-2025 12:00,FONET,13.36,14.2,13.36,14.09,3829285.0,0.11,0.73,0.16,364.97,0.73,706884.2,441.71,0.15,True,65.35,2025-06-16,13.18,6.9,0,,12.45,14.37,False,False
16-06-2025 11:00,ENSRI,18.67,19.07,18.6,19.07,223662.0,0.0,0.4,0.03,1076.47,0.4,102113.9,119.03,0.0,True,57.98,2025-06-16,18.44,3.42,0,,18.0,20.28,True,False
16-06-2025 11:00,ENTRA,8.81,9.09,8.81,9.07,2660130.0,0.02,0.26,0.04,566.67,0.26,1314752.4,102.33,0.08,True,60.76,2025-06-16,8.71,4.13,0,,8.43,9.54,False,False
16-06-2025 11:00,ETILR,8.79,9.13,8.76,9.04,2239526.0,0.09,0.25,0.05,390.2,0.25,941052.3,137.98,0.36,True,53.16,2025-06-16,8.75,3.31,1,9.13,8.48,9.13,True,False
16-06-2025 11:00,KLYPV,58.05,59.0,58.0,58.85,479145.0,0.15,0.8,0.21,280.95,0.8,311213.8,53.96,0.19,True,45.96,2025-06-16,57.5,2.35,0,,56.0,65.9,True,False
16-06-2025 11:00,AKENR,11.14,11.51,11.12,11.44,2473981.0,0.07,0.3,0.05,476.92,0.3,1298984.0,90.46,0.23,True,49.4,2025-06-16,11.27,1.51,0,,10.88,12.4,True,True
16-06-2025 11:00,GENTS,22.04,22.84,22.02,22.8,568124.0,0.04,0.76,0.05,1307.41,0.76,339731.3,67.23,0.05,True,49.83,2025-06-16,22.0,3.64,0,,21.5,25.5,True,True
16-06-2025 10:00,NTGAZ,8.76,8.89,8.64,8.88,1196179.0,0.01,0.12,0.01,1614.29,0.12,627079.0,90.75,0.08,True,39.1,2025-06-16,8.8,0.91,0,,8.5,9.73,True,True
16-06-2025 10:00,PCILT,12.5,12.78,12.49,12.77,499881.0,0.01,0.27,0.04,500.0,0.27,280849.2,77.99,0.04,True,49.67,2025-06-16,12.57,1.59,0,,12.25,13.85,True,False
16-06-2025 10:00,KLSER,27.94,28.44,27.64,28.3,375115.0,0.14,0.36,0.03,958.82,0.36,167708.7,123.67,0.39,True,47.01,2025-06-16,28.0,1.07,1,28.44,26.84,28.44,False,False
16-06-2025 10:00,MAKTK,12.3,12.7,12.07,12.59,4288930.0,0.11,0.29,0.0,7150.0,0.29,1355898.4,216.32,0.38,True,61.4,2025-06-16,12.01,4.83,0,,11.5,12.81,False,False
16-06-2025 10:00,ISMEN,33.34,34.28,33.04,34.24,3065075.0,0.04,0.9,0.14,561.76,0.9,947845.0,223.37,0.04,True,55.56,2025-06-16,33.38,2.58,0,,32.02,35.96,False,False
16-06-2025 10:00,LRSHO,4.95,5.45,4.95,5.45,17748021.0,0.0,0.5,0.05,900.0,0.5,3367746.1,427.0,0.0,True,60.02,2025-06-16,4.96,9.88,0,,4.82,5.7,True,True
16-06-2025 10:00,KZGYO,20.5,21.24,20.3,21.22,323381.0,0.02,0.72,0.09,657.89,0.72,165477.2,95.42,0.03,True,57.86,2025-06-16,20.66,2.71,0,,19.81,22.7,False,False
16-06-2025 10:00,IZMDC,4.95,5.02,4.88,5.01,657846.0,0.01,0.06,0.01,500.0,0.06,387428.5,69.8,0.17,True,48.58,2025-06-16,5.01,0.0,2,4.88,4.88,5.24,False,False
16-06-2025 10:00,KRDMA,49.62,52.15,49.62,51.8,1914880.0,0.35,2.18,0.37,482.89,2.18,587874.6,225.73,0.16,True,86.56,2025-06-16,49.6,4.44,1,52.15,45.34,52.15,False,False
16-06-2025 10:00,KNFRT,9.9,10.2,9.8,10.15,475509.0,0.05,0.25,0.03,792.86,0.25,181354.1,162.2,0.2,True,48.68,2025-06-16,9.9,2.53,0,,9.51,11.17,True,False
16-06-2025 10:00,ISKPL,28.3,29.22,27.8,29.2,443041.0,0.02,0.9,0.13,581.82,0.9,178409.4,148.33,0.02,True,50.35,2025-06-16,28.8,1.39,2,27.8,27.8,30.96,False,False
16-06-2025 10:00,PRDGS,5.62,5.72,5.35,5.71,1280052.0,0.01,0.09,0.01,900.0,0.09,620189.5,106.4,0.11,True,49.91,2025-06-16,5.62,1.6,2,5.35,5.35,6.29,True,True
16-06-2025 10:00,BIGCH,40.8,43.72,40.8,43.56,1187314.0,0.16,2.76,0.29,865.03,2.76,252941.6,369.4,0.06,True,66.97,2025-06-16,41.5,4.96,0,,38.42,43.8,False,False
16-06-2025 10:00,BOBET,20.38,21.16,20.38,21.0,1211964.0,0.16,0.62,0.11,484.91,0.62,541775.1,123.7,0.26,True,44.8,2025-06-16,20.5,2.44,1,21.16,20.14,21.16,True,False
16-06-2025 10:00,SURGY,50.0,51.85,49.72,51.8,325319.0,0.05,1.8,0.16,1032.08,1.8,158324.9,105.48,0.03,True,54.76,2025-06-16,50.05,3.5,0,,48.68,55.65,True,True
16-06-2025 10:00,GLRYH,3.57,3.76,3.5,3.75,10962804.0,0.01,0.18,0.03,500.0,0.18,4149383.3,164.2,0.06,True,63.66,2025-06-16,3.57,5.04,0,,3.22,3.91,False,False
16-06-2025 10:00,TKFEN,122.9,125.4,122.2,124.9,726065.0,0.5,2.0,0.5,300.0,2.0,298008.3,143.64,0.25,True,66.75,2025-06-16,123.0,1.54,0,,113.1,ATH,False,False
16-06-2025 10:00,SOKE,10.0,10.18,10.0,10.17,263437.0,0.01,0.17,0.02,962.5,0.17,136959.9,92.35,0.06,True,41.53,2025-06-16,10.19,-0.2,0,,9.96,10.9,True,True
16-06-2025 10:00,AYDEM,16.42,16.87,16.24,16.84,544666.0,0.03,0.42,0.06,611.86,0.42,188757.1,188.55,0.07,True,61.23,2025-06-16,16.42,2.56,0,,16.1,17.31,False,False
16-06-2025 10:00,GSRAY,1.68,1.69,1.64,1.69,36085149.0,0.0,0.01,0.0,900.0,0.01,12396988.2,191.08,0.0,True,51.16,2025-06-16,1.68,0.6,0,,1.63,1.8,False,False
16-06-2025 10:00,GUNDG,57.6,59.55,57.5,59.45,318300.0,0.1,1.85,0.18,957.14,1.85,145578.2,118.65,0.05,True,60.05,2025-06-16,57.75,2.94,0,,54.2,60.9,False,False
16-06-2025 10:00,GEREL,13.25,13.95,13.06,13.95,4622840.0,0.0,0.7,0.07,929.41,0.7,1804250.3,156.22,0.0,True,69.52,2025-06-16,13.4,4.1,0,,12.76,ATH,False,False
16-06-2025 10:00,FLAP,8.5,8.95,8.32,8.83,854545.0,0.12,0.33,0.06,500.0,0.33,246850.9,246.18,0.36,True,50.44,2025-06-16,8.57,3.03,0,,8.22,ATH,True,False
16-06-2025 10:00,TKNSA,21.32,22.34,21.26,22.28,2618432.0,0.06,0.96,0.1,841.18,0.96,984779.8,165.89,0.06,True,56.69,2025-06-16,21.34,4.4,0,,20.86,24.56,False,False
16-06-2025 10:00,CEOEM,23.58,24.16,23.24,24.08,212028.0,0.08,0.5,0.08,525.0,0.5,110791.6,91.38,0.16,True,44.75,2025-06-16,23.74,1.43,0,,22.74,26.32,True,False
16-06-2025 10:00,BORLS,94.0,98.0,94.0,97.85,189346.0,0.15,3.85,0.81,372.39,3.85,95401.9,98.47,0.04,True,62.04,2025-06-16,94.6,3.44,0,,89.2,98.1,False,False
16-06-2025 10:00,TUKAS,2.6,2.7,2.6,2.69,18522506.0,0.01,0.09,0.01,1400.0,0.09,6823325.4,171.46,0.11,True,60.21,2025-06-16,2.6,3.46,0,,2.52,2.73,False,False
16-06-2025 10:00,BORSK,19.84,20.12,19.76,20.12,212891.0,0.0,0.28,0.04,600.0,0.28,124290.0,71.29,0.0,True,46.36,2025-06-16,19.95,0.85,0,,19.46,21.18,True,False
13-06-2025 17:00,ODAS,4.62,4.76,4.62,4.74,6112860.0,0.02,0.12,0.02,400.0,0.12,2934562.7,108.31,0.17,True,45.97,2025-06-13,4.88,-2.87,0,,4.5,5.12,True,True
13-06-2025 17:00,ORGE,70.65,72.85,70.6,72.5,257471.0,0.35,1.85,0.16,1021.21,1.85,157224.1,63.76,0.19,True,41.1,2025-06-13,74.5,-2.68,0,,70.15,78.45,True,True
13-06-2025 17:00,ECILC,41.92,42.96,41.88,42.92,488077.0,0.04,1.0,0.01,9900.0,1.0,211101.4,131.21,0.04,True,34.93,2025-06-13,44.1,-2.68,0,,41.66,48.7,True,True
13-06-2025 17:00,DZGYO,5.61,5.76,5.59,5.73,998601.0,0.03,0.12,0.01,2300.0,0.12,435419.7,129.34,0.25,True,43.12,2025-06-13,5.95,-3.7,0,,5.48,6.36,False,False
13-06-2025 17:00,ASTOR,89.3,92.45,89.25,91.95,2271557.0,0.5,2.65,0.31,754.84,2.65,1011437.6,124.59,0.19,True,47.94,2025-06-13,94.1,-2.28,0,,87.6,98.75,True,True
13-06-2025 17:00,IPEKE,62.95,65.2,62.9,65.1,904289.0,0.1,2.15,0.0,42900.0,2.15,351142.7,157.53,0.05,True,49.91,2025-06-13,67.5,-3.56,0,,62.0,69.05,False,False
13-06-2025 17:00,DCTTR,34.0,35.66,33.98,35.3,571979.0,0.36,1.3,0.08,1525.0,1.3,371502.8,53.96,0.28,True,43.04,2025-06-13,37.06,-4.75,0,,33.4,38.44,True,True
13-06-2025 17:00,DOAS,172.0,176.2,172.0,175.9,256509.0,0.3,3.9,0.13,2900.0,3.9,150565.1,70.36,0.08,True,52.34,2025-06-13,177.9,-1.12,0,,167.8,182.9,False,False
13-06-2025 17:00,TERA,230.9,256.5,230.9,252.0,952352.0,4.5,21.1,0.5,4120.0,21.1,379159.0,151.17,0.21,True,61.37,2025-06-13,256.5,-1.75,2,230.9,230.9,260.0,False,False
13-06-2025 17:00,DGNMO,5.93,6.72,5.92,6.65,6114244.0,0.07,0.72,0.07,872.97,0.72,969480.9,530.67,0.1,True,71.62,2025-06-13,6.11,8.84,1,6.72,5.62,6.72,True,False
13-06-2025 17:00,SASA,3.07,3.11,3.06,3.11,72033882.0,0.0,0.04,0.0,3900.0,0.04,33839940.9,112.87,0.0,True,31.99,2025-06-13,3.24,-4.01,0,,3.04,3.4,False,False
13-06-2025 17:00,CVKMD,11.22,11.6,11.21,11.55,3551876.0,0.05,0.33,0.04,650.0,0.33,2235876.5,58.86,0.15,True,41.41,2025-06-13,12.1,-4.55,0,,10.9,12.85,True,True
13-06-2025 17:00,TSPOR,0.78,0.79,0.77,0.79,68971606.0,0.0,0.01,0.0,900.0,0.01,24550404.1,180.94,0.0,True,48.29,2025-06-13,0.82,-3.66,0,,0.76,0.87,False,False
13-06-2025 17:00,BURCE,14.86,15.3,14.79,15.28,745689.0,0.02,0.42,0.02,2000.0,0.42,319222.9,133.6,0.05,True,41.64,2025-06-13,15.78,-3.17,0,,14.57,16.5,True,True
13-06-2025 17:00,USAK,4.94,5.11,4.93,5.07,9736682.0,0.04,0.13,0.01,1525.0,0.13,6257167.2,55.61,0.31,True,40.15,2025-06-13,5.31,-4.52,0,,4.81,6.01,True,True
13-06-2025 17:00,ENJSA,53.3,55.0,53.3,54.8,887569.0,0.2,1.5,0.09,1478.95,1.5,447796.8,98.21,0.13,True,54.58,2025-06-13,55.75,-1.7,0,,52.3,55.75,False,False
13-06-2025 17:00,TAVHL,241.2,245.0,239.5,244.9,612568.0,0.1,3.7,0.84,340.48,3.7,366647.8,67.07,0.03,True,59.59,2025-06-13,244.0,0.37,1,245.0,229.7,245.0,False,False
13-06-2025 17:00,GLRMK,127.4,131.4,127.3,131.1,381779.0,0.3,3.7,0.31,1093.55,3.7,204640.7,86.56,0.08,True,46.53,2025-06-13,134.1,-2.24,0,,125.9,140.5,True,True
13-06-2025 17:00,ZOREN,2.84,2.98,2.84,2.97,12961731.0,0.01,0.13,0.01,983.33,0.13,4670345.3,177.53,0.08,True,53.22,2025-06-13,2.99,-0.67,1,2.98,2.81,2.98,True,True
13-06-2025 17:00,YYLGD,9.39,9.61,9.38,9.59,996925.0,0.02,0.2,0.03,525.0,0.2,632165.9,57.7,0.1,True,46.82,2025-06-13,9.83,-2.44,0,,9.24,10.45,False,False
13-06-2025 17:00,AKBNK,57.55,58.85,57.55,58.75,18640889.0,0.1,1.2,0.17,605.88,1.2,12125986.8,53.73,0.08,True,52.76,2025-06-13,59.2,-0.76,0,,56.1,60.7,False,False
13-06-2025 17:00,YUNSA,4.87,5.03,4.86,5.01,712796.0,0.02,0.14,0.02,775.0,0.14,453851.8,57.05,0.14,True,48.37,2025-06-13,5.12,-2.15,0,,4.7,5.31,False,False
13-06-2025 17:00,AKSEN,32.32,34.06,32.28,34.02,2092490.0,0.04,1.7,0.23,639.13,1.7,965809.6,116.66,0.02,True,62.51,2025-06-13,32.7,4.04,0,,30.16,34.32,False,False
13-06-2025 17:00,KLKIM,27.2,27.8,27.14,27.7,416464.0,0.1,0.5,0.05,900.0,0.5,231823.5,79.65,0.2,True,42.59,2025-06-13,28.66,-3.35,0,,26.7,30.0,False,False
13-06-2025 17:00,SOKM,32.3,32.64,32.18,32.64,3053744.0,0.0,0.34,0.03,1114.29,0.34,900859.3,238.98,0.0,True,35.82,2025-06-13,33.94,-3.83,0,,31.84,35.32,False,False
13-06-2025 17:00,YIGIT,22.98,23.32,22.98,23.28,577016.0,0.04,0.3,0.04,689.47,0.3,303191.9,90.31,0.13,True,36.85,2025-06-13,24.42,-4.67,0,,22.74,25.9,False,False
13-06-2025 17:00,BOSSA,5.74,5.84,5.72,5.82,519255.0,0.02,0.08,0.01,627.27,0.08,247613.3,109.7,0.25,True,41.14,2025-06-13,6.0,-3.0,0,,5.68,6.2,False,False
13-06-2025 17:00,ANELE,15.82,16.32,15.78,16.29,279571.0,0.03,0.47,0.02,2036.36,0.47,139256.1,100.76,0.06,True,49.71,2025-06-13,16.35,-0.37,0,,15.6,17.46,True,True
13-06-2025 17:00,KOPOL,4.64,4.79,4.63,4.79,1643517.0,0.0,0.15,0.0,4900.0,0.15,1014110.5,62.06,0.0,True,43.11,2025-06-13,4.97,-3.62,0,,4.58,5.14,True,True
13-06-2025 17:00,GARAN,114.4,117.2,114.4,116.9,6118007.0,0.3,2.5,0.33,657.58,2.5,3035576.5,101.54,0.12,True,47.9,2025-06-13,119.0,-1.76,0,,112.0,123.5,False,False
13-06-2025 17:00,OYAKC,20.76,21.1,20.66,21.02,3698764.0,0.08,0.26,0.04,584.21,0.26,2210035.7,67.36,0.31,True,38.91,2025-06-13,22.06,-4.71,0,,19.86,23.34,False,False
13-06-2025 16:00,VAKFN,2.08,2.19,2.08,2.18,41521965.0,0.01,0.1,0.01,733.33,0.1,7834054.4,430.02,0.1,True,54.1,2025-06-13,2.18,0.0,1,2.19,2.06,2.19,False,False
13-06-2025 16:00,MERIT,11.83,12.51,11.83,12.39,1093630.0,0.12,0.56,0.07,646.67,0.56,324664.6,236.85,0.21,True,54.43,2025-06-13,12.52,-1.04,0,,11.63,12.76,False,False
13-06-2025 16:00,NTHOL,40.54,42.74,40.36,42.5,868247.0,0.24,1.96,0.16,1156.41,1.96,197247.1,340.18,0.12,True,63.37,2025-06-13,41.56,2.26,0,,39.2,43.8,True,True
13-06-2025 14:00,OBAMS,46.32,48.76,46.24,48.74,1600801.0,0.02,2.42,0.11,2022.81,2.42,752416.1,112.75,0.01,True,49.78,2025-06-13,49.38,-1.3,0,,46.0,53.9,False,False
13-06-2025 14:00,IEYHO,13.33,13.58,13.05,13.52,1103082.0,0.06,0.19,0.01,3066.67,0.19,725785.7,51.98,0.32,True,41.55,2025-06-13,14.5,-6.76,2,13.05,13.05,14.55,False,False
13-06-2025 12:00,AKFIS,23.36,26.48,23.28,26.4,23066326.0,0.08,3.04,0.37,726.09,3.04,7980933.5,189.02,0.03,True,80.78,2025-06-13,24.16,9.27,0,,21.8,ATH,False,False
13-06-2025 11:00,KRVGD,1.91,1.96,1.91,1.95,3141934.0,0.01,0.04,0.0,3900.0,0.04,839351.2,274.33,0.25,True,38.65,2025-06-13,2.0,-2.5,0,,1.88,2.03,False,False
13-06-2025 11:00,RUZYE,8.58,9.57,8.57,9.46,12352044.0,0.11,0.88,0.17,408.67,0.88,5296208.0,133.22,0.12,True,69.81,2025-06-13,9.15,3.39,0,,8.08,ATH,False,False
13-06-2025 10:00,OZATD,132.0,137.5,131.3,136.7,154990.0,0.8,4.7,0.58,710.34,4.7,77523.4,99.93,0.17,True,49.34,2025-06-13,139.4,-1.94,2,131.3,131.3,142.2,False,False
13-06-2025 10:00,ALARK,75.95,79.05,75.6,78.95,2796480.0,0.1,3.0,0.17,1664.71,3.0,592582.5,371.91,0.03,True,35.15,2025-06-13,80.3,-1.68,2,75.6,75.6,85.75,False,False
13-06-2025 10:00,PGSUS,238.5,243.8,236.0,243.4,3859382.0,0.4,4.9,0.12,4160.87,4.9,873027.6,342.07,0.08,True,31.38,2025-06-13,256.5,-5.11,2,236.0,236.0,266.5,False,False
13-06-2025 10:00,ARCLK,103.9,106.1,103.9,105.9,609889.0,0.2,2.0,0.02,9900.0,2.0,163422.8,273.2,0.1,True,30.71,2025-06-13,109.9,-3.64,2,103.9,103.9,114.1,False,False
13-06-2025 10:00,GLCVY,55.0,57.9,54.2,57.25,330188.0,0.65,2.25,0.2,997.56,2.25,94935.2,247.8,0.29,True,41.07,2025-06-13,59.25,-3.38,0,,54.05,61.5,False,False
13-06-2025 10:00,SAYAS,44.26,47.36,44.16,46.88,914408.0,0.48,2.62,0.29,803.45,2.62,263272.7,247.32,0.18,True,46.47,2025-06-13,48.74,-3.82,0,,44.02,49.82,False,False
13-06-2025 10:00,MAVI,33.9,35.74,33.62,35.66,9219119.0,0.08,1.76,0.06,2833.33,1.76,3992380.9,130.92,0.05,True,54.9,2025-06-13,35.9,-0.67,2,33.62,33.62,37.3,False,False
13-06-2025 10:00,JANTS,19.1,19.9,19.1,19.73,648204.0,0.17,0.63,0.06,932.79,0.63,236312.1,174.3,0.27,True,34.08,2025-06-13,20.62,-4.32,0,,19.07,21.4,False,False
13-06-2025 10:00,FENER,48.92,50.35,48.1,49.98,3025422.0,0.37,1.06,0.02,6525.0,1.06,618295.4,389.32,0.35,True,45.17,2025-06-13,50.55,-1.13,2,48.1,48.1,53.95,False,False
13-06-2025 10:00,GESAN,38.24,39.5,38.1,39.2,1727284.0,0.3,0.96,0.09,1016.28,0.96,397674.5,334.35,0.31,True,27.39,2025-06-13,41.08,-4.58,2,38.1,38.1,43.28,False,False
12-06-2025 17:00,BIGEN,15.11,16.8,15.1,16.8,5596015.0,0.0,1.69,0.09,1777.78,1.69,3185953.8,75.65,0.0,True,64.73,2025-06-12,15.87,5.86,3,,15.1,17.39,False,False
12-06-2025 17:00,SMRVA,184.6,194.0,184.4,192.9,337042.0,1.1,8.3,0.3,2666.67,8.3,211267.3,59.53,0.13,True,58.7,2025-06-12,188.7,2.23,0,,183.3,204.0,False,False
12-06-2025 17:00,MGROS,488.75,495.0,488.25,493.5,233844.0,1.5,4.75,0.4,1087.5,4.75,127837.9,82.92,0.32,True,53.29,2025-06-12,496.0,-0.5,1,495.0,489.0,495.0,False,False
12-06-2025 16:00,EGGUB,91.15,92.55,90.9,92.35,191871.0,0.2,1.2,0.15,674.19,1.2,89020.9,115.53,0.17,True,64.4,2025-06-12,91.45,0.98,1,92.55,89.2,92.55,False,False
12-06-2025 16:00,MEGMT,27.92,29.22,27.82,28.94,2650186.0,0.28,1.02,0.08,1114.29,1.02,561091.3,372.33,0.27,True,66.3,2025-06-12,28.28,2.33,1,29.22,28.22,29.22,False,False
12-06-2025 12:00,MACKO,42.2,42.78,41.16,42.76,344379.0,0.02,0.56,0.06,900.0,0.56,209103.8,64.69,0.04,True,53.51,2025-06-12,43.26,-1.16,0,,41.84,43.3,False,False
12-06-2025 11:00,MARTI,3.07,3.14,3.05,3.13,5563819.0,0.01,0.06,0.01,757.14,0.06,1799159.5,209.25,0.17,True,58.91,2025-06-12,3.08,1.62,0,,3.02,3.23,False,False
12-06-2025 11:00,ARZUM,4.23,4.41,4.22,4.36,1609134.0,0.05,0.13,0.01,1344.44,0.13,391339.0,311.19,0.38,True,68.91,2025-06-12,4.25,2.59,0,,4.2,ATH,False,False
12-06-2025 11:00,ALKLC,42.4,43.9,42.02,43.52,640633.0,0.38,1.12,0.07,1547.06,1.12,172501.6,271.38,0.34,True,64.25,2025-06-12,42.92,1.4,2,42.02,42.02,ATH,False,False
12-06-2025 10:00,ALVES,30.42,31.04,30.04,31.02,902706.0,0.02,0.6,0.11,435.71,0.6,297720.7,203.21,0.03,True,66.42,2025-06-12,30.56,1.51,1,31.04,30.1,31.04,False,False
12-06-2025 10:00,GLYHO,7.45,7.73,7.39,7.71,6832631.0,0.02,0.26,0.02,940.0,0.26,2387512.7,186.18,0.08,True,58.13,2025-06-12,7.55,2.12,2,7.39,7.39,7.75,False,False
12-06-2025 10:00,HEDEF,10.5,10.94,10.19,10.85,5075861.0,0.09,0.35,0.04,695.45,0.35,3100647.2,63.7,0.26,True,74.57,2025-06-12,10.52,3.14,0,,8.51,ATH,False,False
12-06-2025 10:00,KONTR,24.14,24.38,24.08,24.32,5578176.0,0.06,0.18,0.0,8900.0,0.18,1920734.5,190.42,0.33,True,42.54,2025-06-12,24.32,0.0,0,,24.1,24.84,False,False
12-06-2025 10:00,TCELL,96.15,98.05,96.0,97.65,4324473.0,0.4,1.5,0.08,1775.0,1.5,2150186.7,101.12,0.27,True,57.94,2025-06-12,97.1,0.57,1,98.05,96.1,98.05,False,False
12-06-2025 10:00,LILAK,22.92,23.4,22.84,23.28,1283457.0,0.12,0.36,0.04,800.0,0.36,332118.6,286.45,0.33,True,66.93,2025-06-12,23.1,0.78,0,,ATL,23.32,False,False
12-06-2025 10:00,DENGE,2.08,2.23,2.07,2.19,27071071.0,0.04,0.11,0.01,900.0,0.11,8923513.0,203.37,0.36,True,72.05,2025-06-12,2.07,5.8,3,,1.93,2.2,False,False
11-06-2025 17:00,OSTIM,4.22,4.49,4.19,4.46,7922281.0,0.03,0.24,0.02,1311.76,0.24,2803435.5,182.59,0.13,True,70.74,2025-06-11,4.29,3.96,1,4.49,4.16,4.49,False,False
11-06-2025 17:00,KCAER,13.54,13.99,13.48,13.96,11288632.0,0.03,0.42,0.03,1135.29,0.42,2165721.7,421.24,0.07,True,77.01,2025-06-11,13.59,2.72,2,13.48,13.48,ATH,False,False
11-06-2025 17:00,HUBVC,1.68,1.69,1.67,1.69,730657.0,0.0,0.01,0.0,900.0,0.01,256550.1,184.8,0.0,True,57.86,2025-06-11,1.69,0.0,0,,1.65,1.7,False,False
11-06-2025 16:00,EGSER,3.12,3.18,3.12,3.17,1071850.0,0.01,0.05,0.01,733.33,0.05,298316.5,259.3,0.2,True,71.5,2025-06-11,3.11,1.93,1,3.18,3.09,3.18,False,False
11-06-2025 15:00,LMKDC,27.16,27.7,27.14,27.64,2203621.0,0.06,0.48,0.09,445.45,0.48,687263.0,220.64,0.12,True,74.07,2025-06-11,26.8,3.13,0,,26.6,ATH,False,False
11-06-2025 15:00,SEGYO,4.01,4.07,4.01,4.07,3851233.0,0.0,0.06,0.01,757.14,0.06,1373695.3,180.36,0.0,True,76.65,2025-06-11,3.98,2.26,1,4.07,3.81,ATH,False,False
11-06-2025 15:00,MNDTR,5.61,5.68,5.58,5.66,448355.0,0.02,0.05,0.01,733.33,0.05,244975.5,83.02,0.4,True,77.81,2025-06-11,5.55,1.98,0,,ATL,ATH,False,False
11-06-2025 14:00,RTALB,2.95,2.99,2.95,2.98,4669079.0,0.01,0.03,0.0,900.0,0.03,1938751.0,140.83,0.33,True,75.03,2025-06-11,2.95,1.02,0,,2.92,ATH,False,False
11-06-2025 14:00,YKSLN,4.8,4.98,4.79,4.97,3253687.0,0.01,0.17,0.01,1114.29,0.17,607592.2,435.51,0.06,True,80.69,2025-06-11,4.84,2.69,0,,4.79,ATH,False,False
11-06-2025 14:00,SELVA,1.84,2.0,1.84,1.96,10875087.0,0.04,0.12,0.01,757.14,0.12,2188537.6,396.91,0.33,True,83.62,2025-06-11,1.84,6.52,1,2.0,1.81,2.0,False,False
11-06-2025 13:00,QUAGR,6.07,6.2,6.07,6.19,8148910.0,0.01,0.12,0.03,344.44,0.12,4736966.9,72.03,0.08,True,84.83,2025-06-11,5.92,4.56,0,,ATL,ATH,False,False
11-06-2025 13:00,SMRTG,28.64,29.04,28.6,28.96,368139.0,0.08,0.32,0.02,1354.55,0.32,186569.4,97.32,0.25,True,75.61,2025-06-11,28.6,1.26,1,29.04,28.32,29.04,False,False
11-06-2025 13:00,SEYKM,2.91,3.0,2.9,2.98,1354019.0,0.02,0.07,0.0,2233.33,0.07,266477.8,408.12,0.29,True,68.64,2025-06-11,2.92,2.05,0,,2.88,ATH,False,False
11-06-2025 13:00,A1CAP,8.11,8.3,8.1,8.3,7884820.0,0.0,0.19,0.05,258.49,0.19,4907636.9,60.66,0.0,True,89.25,2025-06-11,7.55,9.93,0,,ATL,ATH,False,False
11-06-2025 13:00,KOTON,15.09,15.28,15.09,15.26,1072186.0,0.02,0.17,0.04,295.35,0.17,627260.6,70.93,0.12,True,82.16,2025-06-11,14.91,2.35,0,,ATL,ATH,False,False
11-06-2025 12:00,PENGD,7.92,8.19,7.88,8.12,2040484.0,0.07,0.2,0.03,525.0,0.2,459483.3,344.08,0.35,True,84.91,2025-06-11,7.9,2.78,1,8.19,ATL,8.19,False,False
11-06-2025 12:00,FZLGY,35.42,36.5,35.42,36.34,390310.0,0.16,0.92,0.1,801.96,0.92,109109.9,257.72,0.17,True,69.45,2025-06-11,35.7,1.79,0,,34.78,ATH,False,False
11-06-2025 11:00,KOZAL,25.02,25.66,25.0,25.64,20457360.0,0.02,0.62,0.1,532.65,0.62,6616085.9,209.21,0.03,True,78.86,2025-06-11,24.5,4.65,0,,24.26,ATH,False,False
11-06-2025 11:00,ARMGD,35.86,36.18,35.86,36.1,387324.0,0.08,0.24,0.02,900.0,0.24,166718.3,132.32,0.33,True,59.57,2025-06-11,35.76,0.95,0,,35.64,36.42,False,False
11-06-2025 11:00,DESA,9.84,10.26,9.81,10.2,1014303.0,0.06,0.36,0.04,778.05,0.36,198865.6,410.04,0.17,True,80.37,2025-06-11,9.86,3.45,0,,ATL,ATH,False,False
11-06-2025 11:00,MIATK,32.36,33.98,32.32,33.9,4641449.0,0.08,1.54,0.16,887.18,1.54,1182192.1,292.61,0.05,True,83.91,2025-06-11,32.4,4.63,0,,ATL,ATH,False,False
11-06-2025 10:00,AKFYE,16.5,16.57,16.33,16.56,487591.0,0.01,0.06,0.0,1900.0,0.06,276733.8,76.19,0.17,True,78.07,2025-06-11,16.5,0.36,2,16.33,16.33,16.67,False,False
11-06-2025 10:00,AFYON,13.04,13.16,12.98,13.15,484111.0,0.01,0.11,0.01,816.67,0.11,294577.7,64.34,0.09,True,70.71,2025-06-11,13.11,0.31,0,,12.83,ATH,False,False
11-06-2025 10:00,XU100,9658.85,9700.87,9630.53,9692.26,861869585.0,8.61,33.41,9.52,250.8,33.41,351488540.6,145.21,0.26,True,89.87,2025-06-11,9659.31,0.34,0,,ATL,ATH,False,False
11-06-2025 10:00,XU030,10727.14,10774.64,10699.22,10764.41,493431702.0,10.23,37.27,10.19,265.64,37.27,202483303.1,143.69,0.27,True,86.57,2025-06-11,10733.39,0.29,0,,ATL,ATH,False,False
11-06-2025 10:00,VBTYZ,20.42,20.7,20.22,20.7,451209.0,0.0,0.28,0.01,2700.0,0.28,187964.0,140.05,0.0,True,71.72,2025-06-11,20.32,1.87,2,20.22,20.22,ATH,False,False
11-06-2025 10:00,TOASO,182.4,193.9,181.9,191.5,6988346.0,2.4,9.1,0.69,1218.84,9.1,1125910.7,520.68,0.26,True,79.7,2025-06-11,181.8,5.34,1,193.9,180.8,193.9,False,False
11-06-2025 10:00,INDES,6.47,6.56,6.4,6.54,2742710.0,0.02,0.07,0.0,1650.0,0.07,1028332.8,166.71,0.29,True,71.99,2025-06-11,6.45,1.4,0,,6.28,ATH,False,False
11-06-2025 10:00,FORMT,3.87,4.07,3.85,4.02,31347082.0,0.05,0.15,0.01,1566.67,0.15,6004574.1,422.05,0.33,True,68.27,2025-06-11,3.87,3.88,3,,ATL,ATH,False,False
10-06-2025 17:00,HUNER,3.61,3.64,3.61,3.64,2785915.0,0.0,0.03,0.01,500.0,0.03,1729234.3,61.11,0.0,True,80.8,2025-06-10,3.56,2.25,0,,ATL,ATH,False,False
10-06-2025 17:00,EPLAS,5.08,5.17,5.08,5.16,1119720.0,0.01,0.08,0.01,900.0,0.08,444012.1,152.18,0.12,True,69.02,2025-06-10,5.03,2.58,0,,4.9,ATH,False,False
10-06-2025 17:00,PATEK,19.55,21.52,19.35,21.52,28171138.0,0.0,1.97,0.14,1297.16,1.97,11978747.5,135.18,0.0,True,83.1,2025-06-10,19.58,9.91,0,,ATL,ATH,False,False
10-06-2025 16:00,DMRGD,25.52,26.42,25.46,26.24,735976.0,0.18,0.72,0.11,531.58,0.72,406323.0,81.13,0.25,True,66.43,2025-06-10,24.9,5.38,0,,24.6,ATH,False,False
10-06-2025 16:00,ZRGYO,24.12,24.54,24.1,24.48,1082497.0,0.06,0.36,0.04,757.14,0.36,292045.2,270.66,0.17,True,70.12,2025-06-10,24.02,1.92,1,24.54,23.68,24.54,False,False
10-06-2025 13:00,AKGRT,5.83,5.9,5.81,5.89,2699503.0,0.01,0.06,0.01,445.45,0.06,1082774.8,149.31,0.17,True,76.34,2025-06-10,5.75,2.43,0,,5.67,ATH,False,False
10-06-2025 11:00,ENDAE,17.95,18.9,17.93,18.89,2642101.0,0.01,0.94,0.09,932.97,0.94,691592.9,282.03,0.01,True,71.95,2025-06-10,17.6,7.33,0,,17.4,ATH,False,False
10-06-2025 10:00,TRCAS,27.28,27.98,27.28,27.98,372498.0,0.0,0.7,0.07,845.95,0.7,195033.5,90.99,0.0,True,74.43,2025-06-10,27.2,2.87,0,,26.92,ATH,False,False
10-06-2025 10:00,VAKBN,23.88,24.52,23.86,24.5,9030795.0,0.02,0.62,0.06,868.75,0.62,2531769.3,256.7,0.03,True,82.22,2025-06-10,23.74,3.2,0,,23.54,ATH,False,False
10-06-2025 10:00,ANHYT,73.05,75.0,73.0,75.0,644561.0,0.0,1.95,0.13,1400.0,1.95,174223.3,269.96,0.0,True,68.46,2025-06-10,72.9,2.88,0,,72.55,ATH,False,False
10-06-2025 10:00,TSKB,11.48,11.63,11.45,11.61,6573923.0,0.02,0.13,0.01,828.57,0.13,1673450.9,292.84,0.15,True,76.7,2025-06-10,11.4,1.84,0,,11.27,ATH,False,False
10-06-2025 10:00,ANGEN,10.58,10.75,10.55,10.73,884234.0,0.02,0.15,0.02,733.33,0.15,203229.6,335.09,0.13,True,80.59,2025-06-10,10.53,1.9,0,,10.36,ATH,False,False
10-06-2025 10:00,AVOD,2.72,2.77,2.72,2.76,1045851.0,0.01,0.04,0.0,900.0,0.04,291162.0,259.2,0.25,True,80.19,2025-06-10,2.72,1.47,1,2.77,ATL,2.77,False,False
10-06-2025 10:00,BJKAS,1.85,1.95,1.84,1.94,61697501.0,0.01,0.09,0.02,350.0,0.09,13202850.2,367.3,0.11,True,89.71,2025-06-10,1.84,5.43,0,,ATL,ATH,False,False
10-06-2025 10:00,OFSYM,42.12,43.54,42.1,43.48,286983.0,0.06,1.36,0.37,269.57,1.36,109411.9,162.3,0.04,True,80.1,2025-06-10,42.04,3.43,0,,ATL,ATH,False,False
10-06-2025 10:00,ALBRK,7.04,7.23,7.04,7.21,5065536.0,0.02,0.17,0.01,2733.33,0.17,2516190.9,101.32,0.12,True,66.37,2025-06-10,6.99,3.15,0,,6.88,7.26,False,False
10-06-2025 10:00,IZENR,6.57,6.7,6.57,6.67,3419671.0,0.03,0.1,0.01,614.29,0.1,1678163.2,103.77,0.3,True,80.18,2025-06-10,6.52,2.3,1,6.7,ATL,6.7,False,False
10-06-2025 10:00,KRPLS,6.99,7.12,6.98,7.1,846084.0,0.02,0.11,0.02,547.06,0.11,183787.2,360.36,0.18,True,74.14,2025-06-10,6.9,2.9,1,7.12,6.73,7.12,False,False
10-06-2025 10:00,MOGAN,8.25,8.32,8.24,8.3,1373287.0,0.02,0.05,0.02,194.12,0.05,423601.0,224.19,0.4,True,85.9,2025-06-10,8.22,0.97,1,8.32,8.03,8.32,False,False
10-06-2025 10:00,GOZDE,17.66,18.1,17.66,18.02,914059.0,0.08,0.36,0.06,542.86,0.36,199715.3,357.68,0.22,True,82.85,2025-06-10,17.57,2.56,0,,ATL,ATH,False,False
10-06-2025 10:00,HALKB,20.82,21.2,20.82,21.18,12480578.0,0.02,0.36,0.09,309.09,0.36,3456924.4,261.03,0.06,True,86.37,2025-06-10,20.64,2.62,0,,ATL,ATH,False,False
10-06-2025 10:00,KARSN,10.18,10.26,10.17,10.25,1974375.0,0.01,0.07,0.01,775.0,0.07,959370.2,105.8,0.14,True,71.63,2025-06-10,10.11,1.38,0,,10.09,ATH,False,False
10-06-2025 10:00,ADESE,6.0,6.48,5.99,6.38,16794901.0,0.1,0.38,0.04,900.0,0.38,5296848.7,217.07,0.26,True,99.72,2025-06-10,5.94,7.41,1,6.48,ATL,6.48,False,False
10-06-2025 10:00,TUREX,16.51,18.04,16.51,18.04,28588691.0,0.0,1.53,0.28,440.64,1.53,9058065.4,215.62,0.0,True,84.88,2025-06-10,16.4,10.0,1,18.04,14.83,ATH,False,False
10-06-2025 10:00,YKBNK,27.7,27.88,27.56,27.86,53006866.0,0.02,0.16,0.02,700.0,0.16,17807590.8,197.66,0.12,True,73.88,2025-06-10,27.38,1.75,0,,27.26,ATH,False,False
10-06-2025 10:00,SERNT,11.57,12.24,11.56,12.1,13326030.0,0.14,0.53,0.07,636.11,0.53,2516369.2,429.57,0.26,True,80.39,2025-06-10,11.42,5.95,0,,ATL,ATH,False,False
05-06-2025 11:30,CEMZY,16.2,16.58,16.15,16.54,1239527.0,0.04,0.34,0.02,1600.0,0.34,461357.9,168.67,0.12,True,71.54,2025-06-05,16.18,2.22,0,,16.08,ATH,False,False
05-06-2025 11:30,FRIGO,6.37,6.44,6.35,6.43,363887.0,0.01,0.06,0.01,445.45,0.06,132211.9,175.23,0.17,True,79.29,2025-06-05,6.39,0.63,0,,6.27,ATH,False,False
05-06-2025 11:30,ALFAS,43.98,44.72,43.76,44.54,352962.0,0.18,0.56,0.14,311.76,0.56,179266.3,96.89,0.32,True,90.81,2025-06-05,43.88,1.5,0,,ATL,ATH,False,False
05-06-2025 11:30,REEDR,11.86,12.22,11.84,12.14,7265065.0,0.08,0.28,0.02,1066.67,0.28,4541337.2,59.98,0.29,True,65.07,2025-06-05,11.84,2.53,1,12.22,ATL,12.22,False,False
05-06-2025 11:30,GOODY,16.48,16.64,16.44,16.64,212717.0,0.0,0.16,0.05,220.0,0.16,100698.5,111.24,0.0,True,91.91,2025-06-05,16.34,1.84,0,,ATL,ATH,False,False
05-06-2025 11:30,EFORC,109.3,112.4,108.2,112.1,409601.0,0.3,2.8,0.69,305.8,2.8,140790.0,190.93,0.11,True,90.37,2025-06-05,106.7,5.06,0,,ATL,ATH,False,False
05-06-2025 10:30,ALTIN,47.1,47.37,47.09,47.35,4335583.0,0.02,0.25,0.08,197.62,0.25,2720676.1,59.36,0.08,True,80.16,2025-06-05,46.83,1.11,0,,ATL,ATH,False,False
05-06-2025 10:30,BRLSM,15.32,15.74,15.27,15.74,649568.0,0.0,0.42,0.06,588.52,0.42,294890.7,120.27,0.0,True,87.98,2025-06-05,15.27,3.08,0,,15.1,ATH,False,False
05-06-2025 10:30,CONSE,3.0,3.12,3.0,3.1,3380776.0,0.02,0.1,0.02,400.0,0.1,1226155.6,175.72,0.2,True,83.86,2025-06-05,3.02,2.65,0,,ATL,ATH,False,False
05-06-2025 09:30,HKTM,10.62,11.09,10.59,11.03,921921.0,0.06,0.41,0.08,425.64,0.41,361820.8,154.8,0.15,True,85.31,2025-06-05,10.62,3.86,1,11.09,10.24,11.09,False,False
05-06-2025 09:30,IHAAS,23.96,25.42,23.82,25.04,1148130.0,0.38,1.08,0.05,1900.0,1.08,476198.0,141.1,0.35,True,44.54,2025-06-05,23.96,4.51,1,25.42,ATL,25.42,False,False
05-06-2025 09:30,ARENA,33.64,34.56,33.42,34.36,390095.0,0.2,0.72,0.19,282.98,0.72,213373.2,82.82,0.28,True,85.19,2025-06-05,33.64,2.14,0,,ATL,ATH,False,False
05-06-2025 09:30,HRKET,82.8,87.65,82.8,87.3,1869469.0,0.35,4.5,0.68,566.67,4.5,719224.7,159.93,0.08,True,92.87,2025-06-05,81.5,7.12,0,,ATL,ATH,False,False
04-06-2025 17:00,KAREL,8.2,8.43,8.19,8.41,2003560.0,0.02,0.21,0.03,624.14,0.21,572861.0,249.75,0.1,True,84.71,2025-06-04,8.06,4.34,0,,ATL,ATH,False,False
04-06-2025 17:00,CIMSA,50.75,51.45,50.5,51.35,890202.0,0.1,0.6,0.13,351.13,0.6,548255.1,62.37,0.17,True,80.54,2025-06-04,50.1,2.5,0,,ATL,ATH,False,False
04-06-2025 17:00,VESBE,9.26,9.38,9.24,9.36,1299834.0,0.02,0.1,0.02,354.55,0.1,525256.4,147.47,0.2,True,82.26,2025-06-04,9.11,2.74,0,,9.04,ATH,False,False
04-06-2025 17:00,SKBNK,4.64,4.71,4.63,4.7,9127772.0,0.01,0.06,0.0,6.75539944105579e+16,0.06,2283487.8,299.73,0.17,True,76.62,2025-06-04,4.63,1.51,0,,ATL,ATH,False,False
04-06-2025 16:00,DURKN,14.86,15.21,14.83,15.12,491785.0,0.09,0.26,0.06,348.28,0.26,267463.2,83.87,0.35,True,79.01,2025-06-04,14.56,3.85,0,,ATL,ATH,False,False
04-06-2025 15:00,HURGZ,6.34,6.59,6.3,6.58,1443023.0,0.01,0.24,0.02,900.0,0.24,350949.7,311.18,0.04,True,67.79,2025-06-04,6.38,3.13,0,,ATL,ATH,False,False
04-06-2025 14:00,THYAO,283.5,285.25,283.25,284.75,3156089.0,0.5,1.25,0.32,284.62,1.25,1841573.4,71.38,0.4,True,73.95,2025-06-04,283.75,0.35,0,,ATL,ATH,False,False
04-06-2025 14:00,HEKTS,3.09,3.12,3.09,3.12,10179073.0,0.0,0.03,0.0,650.0,0.03,5274941.0,92.97,0.0,True,67.58,2025-06-04,3.07,1.63,0,,ATL,ATH,False,False
04-06-2025 13:00,ADEL,30.38,31.62,30.38,31.36,1283654.0,0.26,0.98,0.15,571.23,0.98,414722.1,209.52,0.27,True,87.18,2025-06-04,29.88,4.95,0,,ATL,ATH,False,False
04-06-2025 12:00,KRSTL,6.18,6.35,6.18,6.31,1535892.0,0.04,0.13,0.02,712.5,0.13,499371.0,207.57,0.31,True,86.94,2025-06-04,6.12,3.1,0,,ATL,ATH,False,False
04-06-2025 12:00,DERHL,44.84,46.92,44.5,46.6,8046354.0,0.32,1.76,0.28,537.68,1.76,5178434.5,55.38,0.18,True,49.16,2025-06-04,44.22,5.38,0,,42.18,ATH,False,False
04-06-2025 12:00,AHSGY,21.76,22.12,21.72,22.04,496495.0,0.08,0.28,0.05,483.33,0.28,145695.0,240.78,0.29,True,74.67,2025-06-04,21.24,3.77,0,,ATL,ATH,False,False
04-06-2025 11:00,EDIP,27.9,29.66,27.9,29.66,450986.0,0.0,1.76,0.31,467.74,1.76,190497.0,136.74,0.0,True,80.86,2025-06-04,26.98,9.93,0,,ATL,ATH,False,False
04-06-2025 11:00,CGCAM,27.42,27.9,27.4,27.78,809546.0,0.12,0.36,0.05,682.61,0.36,314192.4,157.66,0.33,True,71.71,2025-06-04,27.42,1.31,0,,ATL,ATH,False,False
04-06-2025 10:00,YEOTK,40.44,41.34,40.18,41.2,1326125.0,0.14,0.76,0.18,317.58,0.76,384967.7,244.48,0.18,True,,2025-06-04,40.56,1.58,0,,ATL,ATH,False,False
04-06-2025 10:00,SRVGY,2.59,2.66,2.58,2.65,7866831.0,0.01,0.06,0.02,252.94,0.06,5089301.2,54.58,0.17,True,,2025-06-04,2.59,2.32,0,,ATL,ATH,False,False
04-06-2025 10:00,CCOLA,51.15,52.5,51.05,52.35,1406388.0,0.15,1.2,0.25,374.31,1.2,457477.4,207.42,0.12,True,,2025-06-04,51.0,2.65,0,,ATL,ATH,False,False
04-06-2025 10:00,DNISI,20.74,22.14,20.74,21.76,1621085.0,0.38,1.02,0.09,1046.07,1.02,566783.7,186.01,0.37,True,,2025-06-04,20.56,5.84,0,,ATL,ATH,False,False
04-06-2025 10:00,ALKA,6.89,7.04,6.89,7.03,1174584.0,0.01,0.14,0.03,418.52,0.14,487099.5,141.14,0.07,True,,2025-06-04,6.87,2.33,1,7.04,ATL,7.04,False,False
03-06-2025 17:00,BULGS,28.44,29.2,28.36,29.16,2261614.0,0.04,0.72,0.07,958.82,0.72,1102328.0,105.17,0.06,True,,2025-06-03,28.22,3.33,0,,ATL,ATH,False,False
03-06-2025 17:00,MANAS,5.36,5.4,5.35,5.4,615313.0,0.0,0.04,0.01,566.67,0.04,362161.9,69.9,0.0,True,,2025-06-03,5.29,2.08,0,,ATL,ATH,False,False
